81 65 12 16 56 10 85 62 50 78 50 72 16 77 23 15 32 13 68 
60 47 59 50 80 28 35 29 19 44 68 58 76 11 37 77 30 26 49 
54 60 38 62 70 59 28 72 18 30 27 44 17 63 26 96 47 70 38 
90 44 86 64 13 55 27 52 77 13 35 35 97 80 31 13 14 47 50 
93 12 75 49 79 58 74 15 93 39 90 42 19 21 73 15 28 20 57 
44 46 90 78 85 86 25 64 79 83 66 50 56 29 42 45 32 84 38 
93 64 56 63 95 12 12 18 20 10 68 38 83 67 28 66 62 71 63 
61 18 30 38 75 15 35 28 86 14 97 49 37 15 50 62 32 19 14 
43 52 12 46 78 74 17 38 52 22 86 34 23 40 62 47 89 10 11 
44 25 54 58 84 21 29 79 52 97 69 46 88 83 78 18 49 88 11 
37 23 94 20 97 11 49 67 21 77 65 14 69 51 72 79 57 62 97 
41 32 86 72 35 38 48 29 22 50 89 91 51 13 29 84 25 40 98 
58 33 75 94 26 66 98 55 96 63 37 76 48 82 21 14 74 91 27 
67 23 28 19 40 49 34 41 65 76 89 21 34 35 93 60 61 80 64 
43 41 73 49 21 91 68 16 61 27 58 64 55 59 71 85 12 85 37 
38 88 97 16 65 65 67 55 41 19 34 89 27 21 16 63 37 18 11 
29 95 34 46 49 42 70 57 49 16 76 45 84 16 33 67 24 91 76 
33 12 59 62 35 45 19 57 88 58 93 63 23 57 27 60 15 21 72 
83 61 98 70 68 56 83 86 59 85 90 82 38 50 53 40 79 51 92 
43 38 25 81 76 76 62 34 71 83 65 82 27 15 74 79 45 27 88 
